# Created by Octave 8.2.0, Mon May 15 17:56:04 2023 GMT <unknown@1-DI-KYLE10>
# name: modelLinearKernel
# type: scalar struct
# ndims: 2
 1 1
# length: 4
# name: b
# type: scalar
0.19241772518604322


# name: w
# type: matrix
# rows: 1899
# columns: 1
 0.0091262906452282584
 0.015057944988800708
 0.056706043616429204
 -0.013784415009896968
 -0.064607749065409559
 0.029462814155019744
 0.1856248158078192
 -0.021083935718827409
 -0.022191036000586615
 0.025255737041797864
 0.13853703311462723
 -0.01818909926676706
 0.018412008207600594
 0.002404270610725727
 -0.013027024261832144
 0.043928492591341836
 0.032170024846881827
 -0.017706341537246428
 0.0041308705346976369
 0.065315204502955387
 0.17501696920634163
 -0.091566987900310981
 -0.11019414338872512
 -0.091732746762874157
 -0.19297788458662807
 -0.057606329681461885
 0.11802412470902654
 0.01558140525981757
 -0.0097856684416916789
 -0.014594355662424119
 0.09438825970153325
 0.048557060996172907
 0.014941413975836794
 0.032391107741084973
 -0.0099551554619372318
 0.0015512419135889381
 -0.038738811653403947
 0.050736648431686127
 0.034308512240942952
 0.01397933085894907
 0.023296840584480602
 -0.11657863109353664
 0.018178385609364685
 0.045756176324585979
 -0.0082905384732028381
 -0.0061395359033707972
 0.030891795785592348
 -0.024976173752312144
 0.04171561782665556
 0.2360544608622267
 0.065551010559139242
 0.0022166796883280127
 0.055918421910645139
 0.021910697981037165
 -0.030830237430927492
 -0.047179310187795531
 0.0042584324370704731
 -0.075341466237196605
 0
 -0.12984037969690931
 0.093847380675875822
 0.10330764674403842
 0.035341751356064467
 0.19575438037987539
 0.14332647817993208
 -0.012581514541278619
 -0.10713916190206674
 -0.011592783356250363
 0.036701593101923106
 -0.10352742566701247
 -0.11482925371218961
 -0.038982069886494122
 -0.02488870509051826
 -0.15174050932897609
 0.073499611797163078
 -0.0096115901122587714
 -0.11406907711956923
 -0.0080491557108611066
 0.0010669037914990014
 -0.10372172531259827
 -0.16356151346765785
 0.034348654501742765
 0.12324365026029441
 -0.003422371294664061
 -0.014627167938657735
 -0.11043529675552742
 -0.055678341207304263
 -0.11844068628792138
 0.011528164602076167
 -0.034282377112911794
 0.008239314639657493
 -0.0047129905834348285
 -0.01479249938638626
 -0.005947000641267304
 0.010701257609768726
 -0.057723353088541339
 -0.1106830461589112
 -0.053775590286353613
 -0.020497498332951468
 -0.042040389171175169
 0.077701360625011776
 -0.10080056518311226
 -0.092292078674618694
 -0.061857569447733941
 0.042409437046350695
 -0.018558659306186217
 -0.058400534485746815
 0.0056943083549092655
 0.0085075910976024037
 -0.074974357545121453
 -0.00079731317959047879
 -0.054398592118181176
 0.023373728624363786
 0.072791801925054855
 -0.11370343490862399
 -0.015525445368966729
 -0.10504185798729576
 0.12533586164466765
 -0.043308713754236117
 0.046536545977087417
 0.047088977524382465
 0.0041848465069430317
 0.062109746040825933
 -0.038206327507755933
 0.0041020894451407504
 -0.10513766040235534
 -0.00016523823827481552
 -0.033372363523860575
 -0.0059455293805554359
 0.031995571560390304
 0.07581932011514797
 -0.025108210502957876
 -0.11727784618017038
 -0.11735899946350051
 -0.30765884591424503
 0.02085067056758496
 -0.049794818908447759
 0.093498852976427474
 0.0081040450595524643
 0.054840672391443086
 0.05269235728855385
 -0.073453261882207882
 0.054984077252928282
 -0.0044953999152503882
 0.16534345188934899
 0.015440383755746644
 0.038134814127979401
 0.0012778870923982472
 -0.049763597417059158
 -0.12366157576331699
 -0.067304232282827933
 0.04660178894941068
 0.0804397063507718
 -0.010817332043214459
 0.087033214307960335
 0.34374415909702966
 0.00022931904734262588
 -0.029289639162955742
 0.0091916439395293131
 0.0081606283539037011
 0.001968180850001174
 -0.020234107522462907
 -0.049824900898993538
 -0.02252423600322586
 0.0099725398677961517
 -0.024758279551737376
 -0.0056808133003672084
 0.070187811169617018
 -0.0068403787060783063
 0.099603970092368849
 0.026187039412406014
 -0.02904094958023563
 0.059405130146131746
 0.23404357555879385
 0.0044474323070156224
 0.058007476241625014
 -0.04786421317981094
 -0.064839135403771467
 -0.091387946694905672
 -0.099321843550782413
 0.040303551426876902
 0.10455257822008968
 0.00077358839984467426
 0.019176605090592762
 -0.040357986627898697
 -0.058198957839670412
 -0.016673485077053837
 0.19429906383661893
 -0.026952932703989865
 -0.030075219028890099
 -0.057954434703630674
 0.13344754278884816
 -0.056678916933813356
 -0.07925521690753512
 0.1868481120307755
 -0.058338001565215028
 0.20947597154863712
 -0.095831363228809377
 -0.014440328925206761
 0.01468465798787209
 0.0068799839548308334
 -0.030096602712037235
 0.00040351244280903593
 0.0098372280792685968
 0.10701643559705842
 -0.15265849288902891
 0.17223712816210027
 0.0064224680390722938
 0.044222730094491861
 0.041325287696008489
 -0.15057747264030757
 0.050542564228443172
 -0.18096644076978324
 -0.021126332531265272
 0.0052022006066951374
 -0.061838156314455592
 -0.028692439487680726
 0.020754386264621325
 0.028873728577877556
 -0.044428913545235732
 0.0081048734016390088
 0.01527820193909268
 -0.0094932979380785709
 0.057748482514248516
 -0.016608744565778454
 -0.0098045498294198619
 0.085499668900340928
 -0.0037073363746544406
 0.084679493329097341
 0.084622135095428222
 -0.076332929180292775
 0.054191429952130624
 0.064949443949874952
 0.029154624194845973
 0.10692507540877189
 -0.062386342655404783
 -0.0040205671100980896
 0.13073831077390238
 -0.13779035226518616
 0.12742162010887742
 -0.049825004516587244
 0.014146345839339651
 0.0070164355970584198
 0.037603892826741939
 -0.0029538026848529397
 0.12175639502315597
 0.12236685778675509
 0.12688578786028487
 0.014196288503989556
 0.003368295118488377
 -0.052810561609098153
 0.034392356022782136
 -0.076697696624802664
 0.060603082398046064
 0.055713085527321717
 -0.11273003901460389
 0.0098156177839046049
 0.015967302761905142
 -0.021814893727677743
 0.14612970271178946
 0.016899925728765058
 0.07929615908101606
 0.010010590545865932
 0.0034877835269988069
 0.0018415891843796659
 -0.072403218288403848
 0.027632537068218103
 0.013010856397639221
 -0.050216095902344222
 -0.00077936120981352648
 0.066084405833681442
 -0.22412952728229846
 -0.037925833453437474
 -0.0039948024626692627
 -0.10134045947724463
 0.038367441222819036
 0.075367704770904556
 0.082211263271474752
 -0.01067524146431029
 0.00590319760474465
 -0.22992939266504889
 -0.057044698975605268
 0.0070695820442671694
 0.1096426526391787
 -0.030311195723775764
 0.079846281582443002
 -0.097359546742510197
 0.0047742261832441606
 0.047448165255284391
 -0.017728244579485592
 -0.019236095571882213
 -0.001585282907834256
 0.098921183115464037
 -0.051097871373099943
 -0.019440384996145869
 -0.035497898453235616
 -0.032808000789004477
 0.47531780146655489
 -0.011260484660611992
 0.060435937710932711
 -0.0010499283494205067
 -0.09139555467643011
 0.035636344913705563
 -0.011505331275564015
 -0.035696008620803278
 -0.081422808725173781
 0.021608577422761982
 0.019787524561674159
 0.10755215567388572
 0.017313938320597688
 0.16653025828860166
 -0.024047197930258363
 -0.032589178484812194
 -0.2388181735487481
 -0.0084715667970874549
 0.004845278329327754
 0.074267485834959887
 -0.052072855054058308
 -0.12736158432476691
 0.034767562643090597
 0.088073252861973692
 0.0058011447517738682
 -0.061737884448794286
 0.020472327617746956
 0.0019262941126844497
 0.039234642079634272
 -0.017194649673205678
 0.018776596806854867
 0.017029168697686368
 0.011386023176010489
 0.006725930331756988
 -0.042243154375881733
 0.0055650698489705819
 0.05227075848454836
 -0.00059535257110269937
 -0.047372816217953334
 -0.018524615745689262
 0.10612298356129825
 -0.010596380713562606
 -0.057589771233098178
 -0.0073369549163153488
 -0.031100690637420814
 0.019322688325913179
 0.043288800296325119
 0.017537895204827219
 -0.067272034149845034
